1960,01,0.761463766648
1960,02,1.5272002457
1960,03,0.192050448272
1960,04,-0.642024384346
1960,05,0.157772987381
1960,06,-0.237311108204
1960,07,-1.28047382725
1960,08,-0.985763468482
1960,09,0.00674101691958
1960,10,-1.34710218737
1960,11,0.800622056515
1960,12,-0.423731931151
1961,01,-0.721588342533
1961,02,-2.41646686305
1961,03,3.82902315299
1961,04,1.88546279514
1961,05,-0.261755548599
1961,06,0.676227353334
1961,07,-0.516553231715
1961,08,-0.962388778656
1961,09,1.24958717077
1961,10,3.78567696896
1961,11,0.946442569335
1961,12,1.80376186537
1962,01,-2.42158834253
1962,02,-2.02553279712
1962,03,4.42562816088
1962,04,0.624308948988
1962,05,-1.76621318773
1962,06,-1.50543015582
1962,07,-1.68927567057
1962,08,-2.00186945927
1962,09,-1.16711612594
1962,10,1.02635403383
1962,11,-0.901020800628
1962,12,2.29790401355
1963,01,5.63678634729
1963,02,3.68919443993
1963,03,2.93421634689
1963,04,-0.475452955774
1963,05,1.85933626282
1963,06,0.0148170969242
1963,07,0.550320217417
1963,08,-0.00742599949973
1963,09,0.999202555381
1963,10,0.52550327169
1963,11,0.820545133438
1963,12,0.388005041553
1964,01,-2.37543449638
1964,02,0.0420543571098
1964,03,0.874556651746
1964,04,1.91569783788
1964,05,2.12866008416
1964,06,-0.724894441537
1964,07,-0.421629741227
1964,08,-0.758935511493
1964,09,-0.194953427525
1964,10,-0.24040863898
1964,11,0.654038723182
1964,12,-0.647871716098
1965,01,-1.81684268496
1965,02,0.193148521566
1965,03,0.813555824616
1965,04,0.483892282321
1965,05,-1.19637093321
1965,06,-0.353003415896
1965,07,-1.97833983221
1965,08,-1.09278580099
1965,09,0.967279478458
1965,10,1.17922535606
1965,11,-0.681634353741
1965,12,3.37721099689
1966,01,3.62729503216
1966,02,5.38641775234
1966,03,-0.261847401191
1966,04,-2.98415258947
1966,05,0.394323855868
1966,06,1.45276581487
1966,07,0.702801606995
1966,08,-0.801098456075
1966,09,-0.478105136927
1966,10,-0.528963229551
1966,11,-0.240736917844
1966,12,-0.550704635866
1967,01,1.5433723688
1967,02,-2.8860181451
1967,03,3.45764184612
1967,04,0.35903117121
1967,05,-0.557495829823
1967,06,-1.19003333043
1967,07,0.678370258773
1967,08,0.551682768077
1967,09,0.824213239142
1967,10,2.20529028575
1967,11,1.91389983429
1967,12,2.60911753121
1968,01,2.60882935805
1968,02,0.50780369398
1968,03,1.32121711494
1968,04,2.63486450454
1968,05,-1.59056034595
1968,06,1.64857778068
1968,07,-0.413823703179
1968,08,1.45957151911
1968,09,0.971125632304
1968,10,-1.25303270846
1968,11,-1.14483948195
1968,12,-0.122664933633
1969,01,-0.526302982732
1969,02,2.31663753256
1969,03,4.25197600658
1969,04,-0.0629987433202
1969,05,-0.801705920807
1969,06,1.58071453282
1969,07,1.92786364173
1969,08,2.05324397569
1969,09,0.985484606663
1969,10,0.837548350267
1969,11,-0.951655721263
1969,12,4.07591860648
1970,01,4.28461513141
1970,02,6.91430236772
1970,03,1.09093382296
1970,04,-2.09915258947
1970,05,-0.193765474157
1970,06,1.90763760974
1970,07,-1.12945645752
1970,08,0.110688144421
1970,09,-0.420669239491
1970,10,-0.238888787863
1970,11,-1.52881384092
1970,12,-1.00144905274
1971,01,-2.20645186611
1971,02,-3.05849983008
1971,03,1.57406037383
1971,04,-0.568511563833
1971,05,1.61504345885
1971,06,-1.42556751846
1971,07,0.885928157864
1971,08,-0.00171880346996
1971,09,-0.813286760858
1971,10,0.675999549606
1971,11,-0.811634353741
1971,12,0.651404545276
1972,01,1.34875905201
1972,02,-2.75383423705
1972,03,0.424184443309
1972,04,0.164052538731
1972,05,-0.21957192577
1972,06,0.174304276411
1972,07,2.25342195439
1972,08,-0.0514706645121
1972,09,-1.35938718821
1972,10,-0.186664399349
1972,11,1.48433634223
1972,12,2.06483949742
1973,01,-2.90687724718
1973,02,-3.7035351519
1973,03,3.31278777546
1973,04,-0.391286289108
1973,05,0.388625521943
1973,06,0.879450796558
1973,07,2.50450313128
1973,08,0.34974344396
1973,09,-0.821878030699
1973,10,-2.5700745376
1973,11,-1.85852080063
1973,12,0.482696640277
1974,01,-2.47196941308
1974,02,-2.69129025394
1974,03,0.836981323848
1974,04,1.60704704423
1974,05,-0.490982772987
1974,06,-1.28852539392
1974,07,-1.1869715231
1974,08,0.00896003382178
1974,09,1.02609815978
1974,10,-1.96408375419
1974,11,1.15897919937
1974,12,0.0544708338257
1975,01,-1.24201549602
1975,02,-3.42368821313
1975,03,0.208923897403
1975,04,-0.190050025371
1975,05,0.961569513436
1975,06,-1.28441367231
1975,07,1.83952617275
1975,08,3.67954670521
1975,09,1.96920255538
1975,10,0.67773652231
1975,11,0.679263082156
1975,12,0.515920674308
1976,01,1.48672431255
1976,02,-1.8651074466
1976,03,2.00693878574
1976,04,0.017129461808
1976,05,0.323232044453
1976,06,-0.434285467178
1976,07,1.17474122652
1976,08,1.13661866551
1976,09,-1.54669488052
1976,10,-0.937524023595
1976,11,0.786057953951
1976,12,1.85959313088
1977,01,-0.706451866106
1977,02,1.22542874135
1977,03,0.435350696411
1977,04,-1.49081925614
1977,05,0.00102360772868
1977,06,-0.297875210768
1977,07,-1.81307928631
1977,08,-0.746631954835
1977,09,-1.48842564975
1977,10,1.1372673141
1977,11,1.06459427874
1977,12,-1.33241472685
1978,01,-2.2235734542
1978,02,1.86389027981
1978,03,0.178030597155
1978,04,-0.684280794602
1978,05,-0.0568237868123
1978,06,-0.272533330426
1978,07,-0.860339418646
1978,08,-0.462430135149
1978,09,-1.62823334205
1978,10,0.530217911888
1978,11,3.42734000523
1978,12,4.81170231202
1979,01,3.96637691801
1979,02,3.04287379629
1979,03,0.0599164532344
1979,04,-0.659793615115
1979,05,0.469117073403
1979,06,0.769688891796
1979,07,-1.55173726811
1979,08,-0.704500027622
1979,09,0.0907410169196
1979,10,-1.74108068199
1979,11,0.647649834293
1979,12,0.124171294655
1980,01,0.987592798906
1980,02,2.97691288938
1980,03,2.57457732999
1980,04,0.557036221715
1980,05,-1.16345868417
1980,06,-0.090311108204
1980,07,0.324203592107
1980,08,-0.773036195755
1980,09,0.829074350253
1980,10,-1.57299661552
1980,11,-2.26637794349
1980,12,-1.1669577376
1981,01,-0.0876271424428
1981,02,-1.63810147843
1981,03,0.651434612495
1981,04,0.266884706563
1981,05,1.70574952697
1981,06,-2.29273535063
1981,07,-0.169667375635
1981,08,-0.657493673761
1981,09,0.633013744192
1981,10,-0.588392509948
1981,11,-0.844377943485
1981,12,5.15928859671
1982,01,4.10489485169
1982,02,0.338927742345
1982,03,1.64219707584
1982,04,0.700369555048
1982,05,0.114400553364
1982,06,-2.10091716881
1982,07,1.71782529299
1982,08,1.42101072507
1982,09,0.801347077526
1982,10,0.743572299436
1982,11,2.44074326864
1982,12,-0.820623426752
1983,01,-1.10316966444
1983,02,-0.106039790122
1983,03,0.763751328037
1983,04,0.230308948988
1983,05,0.39739175571
1983,06,-1.04061413851
1983,07,1.65457993619
1983,08,1.83737436143
1983,09,0.464629905808
1983,10,0.469806414783
1983,11,-0.755683499041
1983,12,-0.748274941904
1984,01,-0.62463838389
1984,02,-1.7978781242
1984,03,0.841781631067
1984,04,1.25747561565
1984,05,0.924224600285
1984,06,-1.47243232033
1984,07,-0.294638050122
1984,08,0.885468203072
1984,09,-1.28319837702
1984,10,1.92788314988
1984,11,1.60211534857
1984,12,-0.204699673087
1985,01,4.87527608336
1985,02,7.58514852157
1985,03,0.578002737242
1985,04,-2.75835771768
1985,05,-0.0147783322668
1985,06,-1.5443111082
1985,07,-0.383544198801
1985,08,-0.752508336518
1985,09,-1.5457741346
1985,10,1.17465734342
1985,11,-2.18971127682
1985,12,2.18775988324
1986,01,1.4377424995
1986,02,4.83210956053
1986,03,0.389349321183
1986,04,-1.90841832374
1986,05,1.80765568533
1986,06,-0.0347050475979
1986,07,0.144848753397
1986,08,-1.88558865682
1986,09,-2.39789534672
1986,10,0.138000451929
1986,11,2.83740946622
1986,12,-0.457097818495
1987,01,7.67756285879
1987,02,-0.250580714314
1987,03,3.84703578552
1987,04,0.400824100503
1987,05,-1.41536484253
1987,06,-3.6918111082
1987,07,-1.052959823
1987,08,-2.63931185558
1987,09,-1.15880443763
1987,10,0.698117753982
1987,11,-0.0194082465154
1987,12,-0.367544247867
1988,01,-2.65009048555
1988,02,-3.37859912734
1988,03,1.39705044827
1988,04,-0.617175692651
1988,05,1.7379342777
1988,06,0.673522225129
1988,07,0.386422797898
1988,08,-0.498021532998
1988,09,1.26290768359
1988,10,-1.38097315511
1988,11,-1.6061927583
1988,12,0.237397101107
1989,01,0.329044411809
1989,02,-0.395601478434
1989,03,3.32624399666
1989,04,1.04814228232
1989,05,1.83535363254
1989,06,-0.453477774871
1989,07,1.07678423727
1989,08,-0.66689250074
1989,09,0.95724101692
1989,10,0.835155877149
1989,11,-0.0812112768184
1989,12,-0.0134093505061
1990,01,-1.22982655593
1990,02,0.843505664423
1990,03,4.96382464182
1990,04,2.65380894899
1990,05,1.96277298738
1990,06,-0.425144441537
1990,07,-0.638377053054
1990,08,0.902623628292
1990,09,-1.33359231641
1990,10,0.249994586826
1990,11,-0.399326661434
1990,12,-0.694501161921
1991,01,-3.29392084874
1991,02,-1.11770312679
1991,03,2.10991645323
1991,04,0.94200125668
1991,05,-1.82850492825
1991,06,-4.23415726205
1991,07,1.44512461266
1991,08,0.953616184123
1991,09,0.252535888714
1991,10,-0.159360251883
1991,11,1.05682718472
1991,12,-0.109265429911
1992,01,-2.07866030283
1992,02,-2.9377864917
1992,03,2.25160379815
1992,04,-0.598383358705
1992,05,2.60747522063
1992,06,1.10391966103
1992,07,0.586920713695
1992,08,-0.080006644661
1992,09,-0.264130777952
1992,10,-3.52524114518
1992,11,0.030545133438
1992,12,-0.81426956556
1993,01,-3.04069504228
1993,02,-3.48336246744
1993,03,1.25135565919
1993,04,1.32478749684
1993,05,2.76998581193
1993,06,-2.38537322001
1993,07,-1.35416884191
1993,08,-2.3629188937
1993,09,-3.01001655884
1993,10,-1.106281073
1993,11,-1.43062036773
1993,12,-1.07267621268
1994,01,-1.95991453247
1994,02,3.0093822878
1994,03,0.606419949738
1994,04,1.96067258535
1994,05,-0.746596514085
1994,06,-2.17773535063
1994,07,3.99524464783
1994,08,1.00189049046
1994,09,0.219680410859
1994,10,-1.1847268208
1994,11,0.766955389848
1994,12,-0.0426175616498
1995,01,-0.710794297868
1995,02,-2.5647439699
1995,03,1.36595074153
1995,04,-0.455539535861
1995,05,-1.29249094224
1995,06,-1.10243232033
1995,07,0.172905589035
1995,08,1.67103760679
1995,09,-0.363842316414
1995,10,2.20502146855
1995,11,-2.17582238793
1995,12,3.56997507716
1996,01,0.53157129353
1996,02,2.75455656754
1996,03,0.567745665179
1996,04,0.937880377559
1996,05,-2.66390904027
1996,06,-1.73864444154
1996,07,-2.18808582392
1996,08,1.70942086331
1996,09,-2.27794945927
1996,10,0.592367858716
1996,11,0.777074437467
1996,12,2.55500256016
1997,01,-0.715384868588
1997,02,-3.57457125865
1997,03,1.57157898425
1997,04,-1.0533833587
1997,05,-1.73111038731
1997,06,-0.81774700564
1997,07,1.07248015998
1997,08,4.09766084914
1997,09,0.64715127333
1997,10,-2.51996164595
1997,11,-0.621506148613
1997,12,-0.838049549017
1998,01,-2.96637742442
1998,02,-1.72649433558
1998,03,-0.308445829644
1998,04,-1.1910756664
1998,05,-0.283467707408
1998,06,-3.08825982615
1998,07,-1.71212086599
1998,08,-2.27913815831
1998,09,0.17856152974
1998,10,-0.961469433025
1998,11,-0.984454866562
1998,12,-0.261126472094
1999,01,-1.30967767256
1999,02,-1.54654928063
1999,03,0.786094488249
1999,04,2.14751407719
1999,05,-1.44215257093
1999,06,-0.944051161254
1999,07,1.27410493047
1999,08,-0.370234681222
1999,09,2.77920255538
1999,10,0.0692997977445
1999,11,1.71105795395
1999,12,0.149419433613
2000,01,-3.28126576189
2000,02,-3.13884749965
2000,03,0.744655907329
2000,04,1.72457210688
2000,05,1.46603827636
2000,06,-2.22892221932
2000,07,-1.52344661222
2000,08,-0.968462529324
2000,09,-1.38652394035
2000,10,2.66707269933
2000,11,3.58071607361
2000,12,0.5873657391
2001,01,-2.587130958
2001,02,0.0721119362002
2001,03,1.01079211716
2001,04,0.156744107489
2001,05,0.00435595583808
2001,06,-1.91228818557
2001,07,1.62598431185
2001,08,0.0616905136572
2001,09,-0.490782792604
2001,10,2.04246651696
2001,11,0.125730318623
2001,12,1.1366352716
2002,01,-3.20507582279
2002,02,-2.09500082908
2002,03,1.64571613742
2002,04,1.49688470656
2002,05,1.15191277233
2002,06,-0.337533330426
2002,07,0.62281063023
2002,08,2.9862013409
2002,09,0.0690743502529
2002,10,-3.87416963605
2002,11,-1.94198400409
2002,12,3.09829152926
2003,01,0.384073737323
2003,02,0.96149267741
2003,03,1.55715308757
2003,04,-0.747054687376
2003,05,-0.00260824429027
2003,06,-1.02773535063
2003,07,1.47075784431
2003,08,0.0548230417816
2003,09,0.316341430998
2003,10,-3.5054013076
2003,11,1.35195538985
2003,12,-0.477716922867
2004,01,1.40826728571
2004,02,-2.2320474032
2004,03,0.582079773785
2004,04,1.09385440353
2004,05,0.155602899405
2004,06,-2.3347050476
2004,07,-1.83012192109
2004,08,0.942066443541
2004,09,0.264377380556
2004,10,-0.78355380027
2004,11,-1.392893095
2004,12,-0.133966535257
2005,01,-2.59495852074
2005,02,-0.780552777135
2005,03,2.09307684123
2005,04,0.985824100503
2005,05,-0.566599553925
2005,06,-2.1653111082
2005,07,0.688059897092
2005,08,-0.61702446555
2005,09,0.707256168435
2005,10,0.246651478322
2005,11,1.27513720803
2005,12,-0.636752459011
2006,01,0.768091332631
2006,02,0.454025144943
2006,03,4.4850123251
2006,04,-0.1344789298
2006,05,0.0551630167068
2006,06,-0.144705047598
2006,07,2.99421825486
2006,08,1.17623066642
2006,09,2.58937738056
2006,10,2.08330836982
2006,11,2.02422811712
2006,12,2.93524167589
2007,01,-2.8679790486
2007,02,-0.77113719272
2007,03,3.40861936323
2007,04,2.36885440353
2007,05,0.146321374478
2007,06,-0.566523229416
2007,07,-1.34346502959
2007,08,-0.211745873174
2007,09,-0.993971252353
2007,10,-1.20475757682
2007,11,-1.01213551924
2007,12,0.198878039523
2008,01,-1.69715793423
2008,02,-1.62060539693
2008,03,0.138238131556
2008,04,1.63643016111
2008,05,0.667215064882
2008,06,-1.47955353245
2008,07,0.17281063023
2008,08,-1.32567549194
2008,09,-1.51399418557
2008,10,0.00911482143049
2008,11,-0.0571355192427
2008,12,-1.22106330945
2009,01,-1.40478256766
2009,02,-0.476494335577
2009,03,-0.317333715951
2009,04,2.62385440353
2009,05,-0.0969489423593
2009,06,-2.9000080779
2009,07,-0.27645623194
2009,08,-0.143124172295
2009,09,0.512673076368
2009,10,-2.89367110232
2009,11,2.21847054136
2009,12,1.73450853806
2010,01,5.27190364935
2010,02,2.17846731351
2010,03,0.647603507846
2010,04,0.618753393432
2010,05,-0.941232388963
2010,06,-1.83725555265
2010,07,1.94463369963
2010,08,-0.285279597515
2010,09,-1.2302312053
2010,10,-2.15048928414
2010,11,-1.53971127682
2010,12,6.94271968175
2011,01,-0.413213652707
2011,02,1.35886938046
2011,03,-0.317040460819
2011,04,3.76279379747
2011,05,-0.117124373323
2011,06,-0.537489022314
2011,07,0.55345579152
2011,08,-0.482273732412
2011,09,1.13407435025
2011,10,0.162194000316
2011,11,2.73862205651
2011,12,0.365687811172
2012,01,-1.68205529494
2012,02,0.152748835046
2012,03,3.40715308757
2012,04,-0.535539535861
2012,05,0.388447474185
2012,06,-3.52895308351
2012,07,-0.673670308186
2012,08,-0.81775760338
2012,09,-0.53504902637
2012,10,-1.30347093552
2012,11,1.33301599591
2012,12,3.13612144128
2013,01,0.60680101005
2013,02,-0.591429400512
2013,03,3.80964575619
2013,04,-0.745539535861
2013,05,1.29563222492
2013,06,-1.08409898699
2013,07,-0.00416884191078
2013,08,-0.359986342383
2013,09,-1.01316167459
2013,10,0.781695466592
2013,11,0.981500844394
2013,12,1.48209812392
2014,01,-1.02160074948
2014,02,-2.17381576415
2014,03,3.40108270634
2014,04,1.93397561565
2014,05,-0.0110979803607
2014,06,-2.34728080517
2014,07,2.08146165662
2014,08,-0.687992207485
2014,09,0.0236198047984
2014,10,1.55134356043
2014,11,2.11078872318
2014,12,-1.23501400886
