2011,03,19.8333333333
2011,06,88.35
2012,12,66.9333333333
2001,11,26.3833333333
1995,02,31.8
2011,09,52.5666666667
2003,11,54.45
2007,02,33.0666666667
2002,04,29.9166666667
2013,01,21.525
2014,11,52.425
2007,07,95.9666666667
2015,10,2.2625
2010,05,67.1666666667
1998,04,44.4166666667
1994,03,37.6
1998,01,44.3166666667
2008,07,85.2
1994,08,58.8
1999,05,27.3833333333
2004,01,26.4
2000,09,27.5166666667
2001,07,40.2833333333
2005,08,76.9666666667
1993,11,42.8
1997,05,60.8
2009,04,2.8
2005,06,67.9666666667
2009,01,15.8833333333
2011,10,43.75
2003,08,55.2833333333
2012,05,22.9666666667
2003,05,68.45
1993,07,95.4
1996,01,10.4166666667
2003,02,9.11666666667
2014,05,58.0
2007,11,50.6833333333
1994,10,33.2
1995,05,26.0
2014,02,43.7125
2015,08,26.9875
2015,03,42.6125
2006,12,29.7333333333
2016,05,29.25
1998,12,59.3833333333
2000,10,110.3
2009,11,64.2166666667
1995,11,31.6
2000,03,21.6833333333
1997,12,69.6
2006,01,17.6833333333
2000,06,62.0166666667
2005,11,32.6
2006,04,44.3666666667
1993,09,40.6
2011,02,24.5166666667
2011,05,37.85
2001,10,60.4833333333
1995,01,26.0
2011,08,86.2666666667
1996,11,67.1166666667
1995,04,61.7
2013,05,47.925
2007,03,40.5166666667
2002,03,26.9333333333
2014,10,72.1375
2007,08,54.1666666667
2010,01,35.9833333333
2003,06,66.6666666667
2015,11,63.8875
2010,06,48.65
1998,05,38.3666666667
2008,03,42.2
1994,04,23.1
1999,09,55.5166666667
2008,06,42.9333333333
2004,05,39.7
1994,09,94.6
1999,04,54.55
2000,08,54.85
2001,04,46.0666666667
2005,09,13.95
1997,09,43.5666666667
2002,09,16.0666666667
2009,08,61.5666666667
2001,01,36.4166666667
2005,02,33.5
1997,04,25.95
2000,02,24.05
2005,07,104.35
1997,03,9.55
2011,11,13.4666666667
1996,08,37.7166666667
2012,01,43.55
1993,06,56.5
2003,09,8.88333333333
1995,12,5.11666666667
1996,06,51.6666666667
2003,03,6.9
2013,12,42.2625
2014,06,75.1375
2007,10,28.1166666667
2002,10,60.5
2014,03,36.5625
2015,07,119.1
2010,12,37.1833333333
2003,10,45.5833333333
2014,08,90.8125
2015,02,24.825
2009,05,54.1666666667
1998,02,50.0333333333
1998,11,28.9666666667
2000,11,108.116666667
2004,12,24.25
2008,12,43.4833333333
2009,10,56.8333333333
2016,02,21.5625
2005,10,38.05
1993,08,80.7
2011,01,35.1333333333
2012,11,68.65
2011,04,14.9166666667
1998,08,86.4666666667
1996,10,22.45
2002,07,80.5166666667
2013,04,38.2875
2007,04,21.25
2002,02,47.5833333333
2013,03,7.3875
2007,09,61.8666666667
2010,02,52.75
2015,12,28.925
2002,08,8.25
1998,06,88.8833333333
2008,02,28.25
2004,09,37.2
1994,05,25.1
1999,08,54.8
2008,09,47.3666666667
2004,04,20.6166666667
1999,03,42.2333333333
2004,03,28.4833333333
2001,05,33.9833333333
1993,12,37.1
1997,08,24.6166666667
2009,09,29.95
2005,03,23.4666666667
1997,07,41.9666666667
2010,07,92.4
2000,05,25.3166666667
2005,04,11.65
1997,02,35.4333333333
2011,12,42.1333333333
1996,09,57.4666666667
2012,06,132.2
1996,02,15.7333333333
2003,07,113.466666667
1996,07,84.0333333333
2014,07,22.9875
2002,11,53.6833333333
2015,06,78.6625
2010,11,93.55
2014,09,48.45
2015,01,59.1125
2010,08,108.05
1998,10,53.4166666667
2009,02,24.7833333333
1998,03,33.9
1999,10,18.55
2006,09,19.2666666667
2016,06,47.6625
1997,10,58.15
2006,07,28.9833333333
2016,03,19.9625
1995,09,134.55
2012,10,65.5833333333
2001,12,35.1833333333
1993,05,21.1
1999,02,25.15
2002,06,98.7833333333
2013,07,54.5625
2007,05,40.5166666667
2002,01,55.0
2013,02,25.525
2010,03,23.8833333333
2013,09,26.1875
1994,01,22.1
1998,07,85.1666666667
2008,05,23.1333333333
2004,08,75.4833333333
1994,06,45.1
1999,07,29.0833333333
2008,08,138.516666667
2004,07,96.0
1998,09,56.8333333333
2004,02,27.35
2006,08,148.083333333
2001,02,36.7666666667
2009,06,49.7666666667
1997,06,86.9833333333
2000,04,36.1666666667
2001,08,69.9666666667
2005,05,55.3833333333
2012,02,28.6666666667
2012,07,59.0666666667
1996,03,10.0333333333
2012,08,68.8166666667
1996,04,8.1
2000,01,18.6166666667
2013,10,53.875
2002,12,20.9166666667
2015,05,93.225
2010,10,52.5333333333
1995,07,43.6
1994,12,50.9
2006,10,118.166666667
2000,12,63.2666666667
2010,09,43.0833333333
2004,10,78.1833333333
1999,11,18.45
2008,10,59.5666666667
2009,03,34.4833333333
2009,12,53.45
2006,03,27.8666666667
2016,07,0.0
1997,11,64.45
2006,06,31.1333333333
2005,12,56.6333333333
1995,08,16.05
2011,07,94.9166666667
1995,03,34.4
2003,12,52.1166666667
1996,12,39.55
2007,01,68.6333333333
2002,05,72.1333333333
2013,06,61.325
2014,12,35.4625
2007,06,108.95
2010,04,23.7833333333
2013,08,54.075
2008,01,44.9666666667
1994,02,22.5
2008,04,20.25
1994,07,0.0
1999,06,50.25
2004,06,56.85
1999,01,61.9333333333
2001,06,26.7666666667
1995,10,20.8666666667
1993,04,0.0
2001,03,30.2666666667
1993,10,43.2
2009,07,113.166666667
2005,01,18.05
1997,01,5.78333333333
2000,07,135.866666667
2001,09,110.633333333
2012,03,8.55
2012,04,62.7833333333
2003,04,51.4166666667
2012,09,72.75
2003,01,17.7166666667
1996,05,63.2333333333
2014,04,31.7625
2007,12,54.7
2013,11,46.375
2014,01,62.575
2015,09,101.3
2006,11,71.7166666667
2015,04,15.3375
1995,06,97.2
1994,11,15.7
2004,11,54.1333333333
1999,12,66.0
2008,11,46.75
2006,02,34.75
2016,04,26.9
2006,05,52.3333333333
2016,01,22.325
