2014,12,0.809005012801
2014,11,2.09577458228
2014,10,1.53698435256
2014,9,0.0452886883629
2014,4,2.12110368692
2014,3,4.22214050534
2014,2,5.25560805505
2014,1,0.919368687202
2013,8,-0.38568783684
2013,7,0.143405856144
2013,6,-0.641269175787
2013,5,1.41718066933
2012,12,-3.5723414709
2012,11,1.33843728511
2012,10,-1.47127257655
2012,9,-0.478596231784
2011,1,0.423217009579
2010,12,-7.212006264
2010,11,-3.09147129661
2010,10,-2.25999374918
2010,9,-1.14992739543
2010,8,-0.432712381911
2010,7,1.89332561448
2010,6,-1.3119701689
2010,5,-0.738380673706
2010,4,0.602057281162
2010,3,-0.518965593673
2010,2,-2.05665895345
2010,1,-5.27919384137
2009,12,-2.17816812388
2009,11,2.16668279663
2009,10,-2.91736751863
2008,6,-0.964254639604
2008,5,1.16130292971
2008,4,1.63529833966
2008,3,1.11265203469
2008,2,5.85916002169
2008,1,4.79867095312
2007,12,2.49010549219
2007,11,-0.924297189876
2007,6,-0.1396655941
2007,5,0.234195394363
2007,4,2.57280323265
2007,3,4.21811149686
2007,2,0.735817741197
2007,1,3.53350476094
2006,12,5.17558919664
2006,11,1.99241777243
2004,11,-1.389227945
2004,10,-0.811134380196
2004,9,0.22607415884
2004,8,0.818199683744
2004,7,-1.94094360654
2004,6,-1.91137119524
2004,5,0.324161440995
2004,4,1.17850487956
2004,3,1.5001183422
2004,2,2.19607022151
2004,1,-1.46379850338
2003,12,1.85312598689
2003,11,1.32752858855
2003,10,-3.48864510587
2003,9,0.380672656003
2003,8,0.00729189352722
2002,3,2.50174589661
2002,2,5.45435291616
2002,1,3.17276796522
2001,12,-1.14228103248
2001,11,0.0608771310305
2001,10,2.12681863812
2001,9,-0.457326583134
2001,4,0.150715846087
2001,3,-0.828874560942
2001,2,-0.0828815528787
2001,1,2.43247994319
2000,8,-1.03019304107
2000,7,-1.49177751176
2000,6,-1.85456025588
2000,5,1.74986208135
1999,12,-0.552842089516
1999,11,1.67524920774
1999,10,0.0700162376502
1999,9,2.86560377909
1998,8,-2.35690613392
1998,7,-1.78362667248
1998,6,-2.74922173772
1998,5,-0.0011063258056
1998,4,-1.18977891578
1998,3,0.473690675901
1998,2,5.82490076837
1998,1,2.81137698511
1997,12,0.346136701426
1997,11,-0.643761406797
1997,10,-2.61038929977
1997,1,0.560188759337
1996,12,-3.03344443958
1996,11,0.749777360193
1996,10,0.554606100811
1996,1,-0.601568652573
1995,12,-4.13815828557
1995,11,-2.3166514314
1995,10,2.16042095818
1995,9,-0.340250504008
1995,8,1.82742728923
1995,7,0.283369697425
1995,6,-0.62836872335
1995,5,-1.00490061917
1995,4,-0.521959206568
1995,3,2.23051698781
1994,10,-1.22407590011
1994,9,0.14475111418
1994,8,0.979967462096
1994,7,4.26628529978
1993,6,-2.00557241481
1993,5,2.92586584146
1993,4,1.76438493556
1993,3,2.25182909456
1993,2,3.40246205177
1993,1,2.92044891705
1992,12,1.58258886863
1992,11,-0.0504483669676
1992,10,-3.40002466379
1992,9,-0.35909845153
1992,8,-0.131293526074
1992,7,0.610865961214
1991,3,3.10298276497
1991,2,1.10890380658
1991,1,3.20787081063
1990,12,1.66854205417
1990,11,-0.492644652351
1990,10,0.216768780509
1990,9,-1.26849259636
1990,8,0.848740109218
1990,7,-0.793480213126
1990,6,-0.0634842213835
1990,5,2.15919631571
1990,4,2.71823788224
1990,3,5.86687434439
1990,2,8.30458126934
1990,1,5.21696259845
1989,12,-0.363799272334
1989,7,1.09246260566
1989,6,0.000558006497746
1989,5,2.0592822909
1989,4,0.952919633714
1988,8,-0.671014196573
1988,7,0.17131173461
1988,6,1.08380179246
1988,5,1.89267582489
1987,12,-0.106359462502
1987,11,-0.163518001788
1987,10,0.5861545129
1987,9,-1.28164587051
1987,8,-2.76226091905
1987,7,-1.1828624393
1987,6,-3.39435587252
1987,5,-1.3206226132
1986,12,0.0354892350493
1986,11,2.80891962713
1986,10,-0.0169013350576
1986,9,-2.55526809127
1986,4,-1.92084338661
1986,3,1.29214745089
1986,2,-4.60735121106
1986,1,-1.57666976343
1985,9,-1.70130549933
1985,8,-0.848219883963
1985,7,-0.577649705405
1985,6,-1.28189382207
1985,1,-4.86424839955
1984,12,2.08233654221
1984,11,1.46133581788
1984,10,1.91806486505
1984,5,1.12325736887
1984,4,1.44663328947
1984,3,-0.618071521586
1984,2,1.82355682847
1983,5,0.442877690148
1983,4,0.262979772358
1983,3,1.79205692695
1983,2,0.144519227417
1983,1,5.35407091517
1982,12,1.50120640246
1982,11,2.37007451725
1982,10,0.624306796969
1982,6,-1.61156903914
1982,5,0.262488174345
1982,4,0.853997462641
1982,3,2.60039236502
1981,10,-0.641334628338
1981,9,0.620714813797
1981,8,-0.603810772708
1981,7,-0.249677940536
1980,10,-1.61383046298
1980,9,0.880097981447
1980,8,-0.794913985662
1980,7,0.301426289177
1980,2,-2.84971771624
1980,1,-1.09147888724
1979,12,-0.628524055923
1979,11,0.629350525064
1979,10,-1.83988865445
1979,9,0.151167292587
1979,8,-0.739322078894
1979,7,-1.73082845633
1979,3,0.167085545911
1979,2,-2.83113835826
1979,1,-3.92004034438
1978,12,-5.17447789006
1978,7,-0.893872408134
1978,6,0.167467228156
1978,5,0.213481797636
1978,4,-0.555075948197
1977,7,-1.85007146444
1977,6,0.310628378459
1977,5,0.35232009438
1977,4,-1.38484853672
1977,3,1.42654137271
1977,2,-1.06899931675
1977,1,0.604713657684
1976,12,-2.24407515414
1976,7,1.19279881373
1976,6,0.170708666447
1976,5,0.670804985623
1976,4,0.114779909127
1975,12,2.94760600025
1975,11,0.618639675518
1975,10,0.621440306849
1975,9,2.1304135946
1974,12,2.46598383816
1974,11,1.07946690385
1974,10,-1.98893718108
1974,9,1.02920785589
1974,8,0.0321957722111
1974,7,-1.23549739723
1974,6,-0.692192737704
1974,5,-0.128343857034
1973,12,-0.850219702089
1973,11,-2.73469976282
1973,10,-2.66284791837
1973,9,-0.621275993128
1973,4,-0.358329100183
1973,3,4.3048115182
1973,2,3.79003814864
1973,1,3.49328100865
1972,5,-0.0986433641962
1972,4,0.192373685502
1972,3,1.35824112457
1972,2,2.65213558284
1972,1,-1.414051851
1971,12,2.96039340905
1971,11,-0.775924964948
1971,10,0.551805908266
1971,5,1.78651011383
1971,4,-0.525724605096
1971,3,-1.35003189953
1971,2,2.91589079314
1970,1,-4.29836740104
1969,12,-4.43146967902
1969,11,-1.03519579457
1969,10,0.847195924439
1969,9,1.04479472385
1969,8,2.15415090042
1969,7,1.88797804179
1969,6,2.02027983346
1969,5,-0.691754725249
1969,4,-0.0807780238994
1969,3,-3.91809262233
1968,10,-1.1834294202
1968,9,0.900328124511
1968,8,1.47917157866
1968,7,-0.501438848253
1967,6,-0.756311454636
1967,5,-0.417357579858
1967,4,0.385802282368
1967,3,4.30831091365
1967,2,2.87607184473
1967,1,-1.49156339635
1966,12,0.0735306305314
1966,11,-0.311744939866
1966,10,-0.617321066186
1966,9,-0.558400507968
1966,8,-0.882770108682
1966,7,0.639105014678
1966,3,0.515893798954
1966,2,-5.3928546281
1966,1,-3.70278220667
1965,12,-3.77110868724
1964,11,0.5399083721
1964,10,-0.41821626194
1964,9,-0.231860265802
1964,8,-0.760512561122
1964,7,-0.546874125341
1964,6,-0.385871639821
1964,5,2.20424860294
1964,4,1.92993422681
1964,3,-0.75762942961
1964,2,0.0256988012286
1964,1,2.28011688349
1963,12,-0.803181173601
1963,7,0.425267107082
1963,6,0.265537726276
1963,5,1.91172723542
1963,4,-0.445039318161
1962,4,0.666026827232
1962,3,-3.98798979505
1962,2,2.07175453061
1962,1,2.30171451663
1961,12,-2.27349240558
1961,11,0.80348672905
1961,10,3.64005497095
1961,9,1.2323158663
1961,8,-1.03011696306
1961,7,-0.634174723095
1961,6,1.10799055617
1961,5,-0.0104779696384
1960,8,-0.896155246465
1960,7,-1.26231250971
1960,6,0.625920782478
1960,5,0.871326904006
1959,9,0.783086123249
1959,8,2.506050414
1959,7,2.22842754384
1959,6,-0.169364720787
1959,5,0.622871000366
1959,4,1.38029423137
1959,3,2.76959701205
1959,2,2.39773172827
1959,1,-0.734601306666
1958,12,-0.114667244524
1958,11,2.05674541703
1958,10,1.37321550048
1958,1,-0.553773448531
1957,12,0.587837362681
1957,11,0.348607731377
1957,10,0.731483241514
1957,1,3.42307458634
1956,12,1.79977011643
1956,11,-3.25218412692
1956,10,-0.549798219429
1956,9,-0.214714599646
1956,8,-2.36047128082
1956,7,-0.046691962693
1956,6,-1.29192898202
1956,5,1.18011619759
1956,4,-2.37508031859
1956,3,-0.440567843144
1955,6,-1.85466624494
1955,5,-2.5475108372
1955,4,-2.07508010868
1955,3,-2.46135404844
1954,6,-1.27321654723
1954,5,0.818626739138
1954,4,-1.32445305177
1954,3,0.374728028344
1953,10,2.10632450867
1953,9,-0.303661191728
1953,8,-0.483414311712
1953,7,0.49089693503
1953,6,1.27220011944
1953,5,0.123281101267
1953,4,1.7930524338
1952,11,-2.30291045742
1952,10,-2.06876671291
1952,9,-2.74538341395
1952,8,-1.34155072148
1951,7,-0.735220899535
1951,6,-1.18913321389
1951,5,-1.84267354935
1951,4,-0.0869218251154
1951,3,-2.95805333366
1951,2,2.47151579314
1951,1,0.200092069595
1950,12,-1.1536281278
1950,11,-0.554015239011
1950,10,-0.407653985955
1950,9,0.177630474938
1950,8,0.370457967333
1950,7,-1.55749074555
1950,6,-0.241731075355
1950,5,0.904522561454
1950,4,1.33643885644
2014,8,-0.755315635588
2014,7,2.16812903227
2014,6,-1.87882513309
2014,5,0.157651017647
2013,12,3.87784191223
2013,11,0.99424844651
2013,10,0.674185460277
2013,9,-1.0152003852
2013,4,-0.756181898984
2013,3,-3.53854742712
2013,2,0.602581604817
2013,1,-0.650967281545
2012,8,-0.810520695657
2012,7,-0.777745337462
2012,6,-3.16331799284
2012,5,0.710939880228
2012,4,-0.550592466198
2012,3,4.35290413181
2012,2,0.0686322012628
2012,1,1.48240093205
2011,12,2.67568898793
2011,11,2.71806178119
2011,10,0.132555825647
2011,9,1.05747028476
2011,8,-0.503788997163
2011,7,0.388594233125
2011,6,-0.0872423761403
2011,5,0.0643984888938
2011,4,3.84351926761
2011,3,0.743855025394
2011,2,-1.28388177451
2009,9,0.487090239565
2009,8,-0.225920649973
2009,7,-0.527376397833
2009,6,-2.38649089438
2009,5,0.112190757222
2009,4,2.6855636799
2009,3,0.673216670849
2009,2,0.467556014581
2009,1,1.25874784116
2008,12,1.11040842288
2008,11,-0.11408805387
2008,10,0.00117742904768
2008,9,-1.3792431393
2008,8,-1.41000345545
2008,7,0.163986390837
2007,10,-1.36541388738
2007,9,-0.874185509096
2007,8,-0.315552109798
2007,7,-1.53522827114
2006,10,2.07276276099
2006,9,2.50300205778
2006,8,1.09143368173
2006,7,3.03735488435
2006,6,0.49881850384
2006,5,0.18819774135
2006,4,-0.200363213281
2006,3,-4.23392117802
2006,2,-0.320498928867
2006,1,-0.83174790731
2005,12,0.140167106759
2005,11,1.26908305504
2005,10,0.00195261632006
2005,9,0.6996896141
2005,8,-0.646143750775
2005,7,0.623245155098
2005,6,-1.69276209597
2005,5,-0.457759103463
2005,4,1.03710780791
2005,3,-1.94286126438
2005,2,0.858628767235
2005,1,3.76809681986
2004,12,2.16301260201
2003,7,1.35577819956
2003,6,-0.682116636311
2003,5,0.230976753298
2003,4,-0.737524838808
2003,3,2.42525801152
2003,2,-0.927762899145
2003,1,-0.380339964955
2002,12,-3.48948629213
2002,11,-2.03712284299
2002,10,-3.8400818345
2002,9,0.182604527432
2002,8,3.0386126895
2002,7,0.548664192757
2002,6,0.109381914846
2002,5,1.38518817203
2002,4,1.51757168321
2001,8,0.0872827065469
2001,7,1.70885478185
2001,6,-1.39096921089
2001,5,0.218530096695
2000,12,3.08317580051
2000,11,3.63885533182
2000,10,2.72070159887
2000,9,-1.33575120015
2000,4,1.65289304974
2000,3,1.78620795653
2000,2,4.38942590337
2000,1,3.26168782422
1999,8,-0.300253025397
1999,7,1.43310854747
1999,6,-0.57416581632
1999,5,-1.19354020672
1999,4,2.14610055415
1999,3,1.64724042635
1999,2,1.58812847592
1999,1,1.18849567195
1998,12,-0.106579484956
1998,11,-3.55339943419
1998,10,-0.952984672686
1998,9,0.17728303458
1997,9,0.696010856898
1997,8,4.03647320143
1997,7,1.05831881443
1997,6,-0.382096787191
1997,5,-1.44286902363
1997,4,-0.961720820915
1997,3,2.50567564026
1997,2,3.52262182116
1996,9,-2.2360691388
1996,8,1.71180446759
1996,7,-2.34117585967
1996,6,-1.39091026744
1996,5,-2.51841106905
1996,4,0.951458044708
1996,3,-0.451382794282
1996,2,-2.67058824931
1995,2,4.99588717919
1995,1,0.617785055361
1994,12,2.37462898178
1994,11,0.68910220229
1994,6,-1.62750351244
1994,5,-0.404460425761
1994,4,2.03794944536
1994,3,1.61467330975
1994,2,-2.98836117077
1994,1,1.82931516887
1993,12,0.62066216352
1993,11,-1.4892726876
1993,10,-1.25968413858
1993,9,-2.97445440638
1993,8,-2.43957454458
1993,7,-1.4661818107
1992,6,1.79334697724
1992,5,3.07918132971
1992,4,-0.573801528173
1992,3,3.23801498558
1992,2,4.67793983069
1992,1,4.46582771372
1991,12,2.27569141019
1991,11,1.04904371592
1991,10,-0.159450047374
1991,9,0.224193153519
1991,8,0.801962109302
1991,7,1.46546148197
1991,6,-3.9081539975
1991,5,-1.60023564449
1991,4,1.05562638364
1989,11,-0.043699762821
1989,10,0.716434731337
1989,9,0.982228281003
1989,8,-0.797722435816
1989,3,4.2518429797
1989,2,7.03534873933
1989,1,6.80190850585
1988,12,-0.594550100952
1988,11,-2.96001048638
1988,10,-1.43409324486
1988,9,1.13797893554
1988,4,-0.612065863493
1988,3,-1.25437821846
1988,2,3.33407820918
1988,1,3.78171998469
1987,4,0.345332398766
1987,3,-3.71832709417
1987,2,0.319472432876
1987,1,-7.74657195044
1986,8,-1.96434837409
1986,7,0.0928725297143
1986,6,0.503330305735
1986,5,1.93019917447
1985,12,-2.57807339836
1985,11,-2.39401991402
1985,10,1.01005727744
1985,5,0.0748240212691
1985,4,-2.67733488321
1985,3,-0.442532291577
1985,2,-7.37544797721
1984,9,-1.2813625951
1984,8,0.807882169658
1984,7,-0.425879788907
1984,6,-1.15728388474
1984,1,0.528343803061
1983,12,0.284649339353
1983,11,-0.7847603439
1983,10,0.486592266756
1983,9,0.398853970183
1983,8,2.05724780677
1983,7,1.74230543698
1983,6,-0.538891060011
1982,9,0.693883325568
1982,8,1.3647259854
1982,7,1.79074005848
1982,2,-0.266337742209
1982,1,-4.17611135314
1981,12,-5.56443868347
1981,11,-0.967340902361
1981,6,-1.8942925562
1981,5,1.80660827534
1981,4,0.426134272775
1981,3,-0.418629033325
1981,2,1.68123801537
1981,1,0.0919844238262
1980,12,0.676544988118
1980,11,-2.37896390015
1980,6,0.335927490803
1980,5,-0.883943191136
1980,4,0.62128660736
1980,3,-2.30149818541
1979,6,1.21224733321
1979,5,0.597918222683
1979,4,-0.575554065592
1978,11,3.38575920659
1978,10,0.490628021646
1978,9,-1.62758230205
1978,8,-0.387671343196
1978,3,-0.0389103622328
1978,2,-1.83377266839
1978,1,2.13577445173
1977,12,0.994848877436
1977,11,0.974454668396
1977,10,1.19307004439
1977,9,-1.45543749732
1977,8,-0.660286545986
1976,11,0.68601147039
1976,10,-1.01471560713
1976,9,-1.46258854216
1976,8,1.37196520976
1976,3,-1.69711972203
1976,2,1.96537607797
1976,1,-1.41754647466
1975,8,3.8804329517
1975,7,2.10137339327
1975,6,-0.448425948938
1975,5,1.11537366419
1975,4,-0.0535130666344
1975,3,1.22155413032
1975,2,3.36785720471
1975,1,5.18404435714
1974,4,1.92503012628
1974,3,1.69759717709
1974,2,4.81088326993
1974,1,3.96640904389
1973,8,0.481027307185
1973,7,2.56496958286
1973,6,1.57915229976
1973,5,0.704078147883
1972,12,4.34248825173
1972,11,1.36851452289
1972,10,-0.294078717138
1972,9,-1.36511916098
1972,8,-0.114634700492
1972,7,2.22056881596
1972,6,0.504653262455
1971,9,-0.828966747284
1971,8,-0.0581423171189
1971,7,0.84451855456
1971,6,-1.04119377106
1971,1,2.07360323585
1970,12,0.561941160324
1970,11,-1.60577271764
1970,10,-0.288728547871
1970,9,-0.392105898059
1970,8,0.0886954160548
1970,7,-1.25540084821
1970,6,2.33915819868
1970,5,-0.112625393532
1970,4,-2.09752779804
1970,3,-0.821680298096
1970,2,-6.62830563543
1969,2,-2.29920102114
1969,1,0.382494881837
1968,12,-0.338636371792
1968,11,-1.2672791279
1968,6,2.11784363796
1968,5,-1.49528096696
1968,4,2.65823283792
1968,3,2.27800177386
1968,2,-0.477393963287
1968,1,-2.72041644295
1967,12,-3.04518988284
1967,11,1.88860050173
1967,10,2.09035228645
1967,9,0.832179086049
1967,8,0.457078368746
1967,7,0.662008043118
1966,6,1.78038815363
1966,5,0.521477028634
1966,4,-2.86749810937
1965,11,-3.8632299826
1965,10,1.01544068525
1965,9,0.9829670134
1965,8,-1.17967871083
1965,7,-2.13420352981
1965,6,-0.0280840685958
1965,5,-1.03044309425
1965,4,0.427411078665
1965,3,-0.576489713591
1965,2,-0.129285298125
1965,1,1.66940210544
1964,12,0.195955897615
1963,11,0.737646085775
1963,10,0.44979018278
1963,9,0.906140090323
1963,8,-0.106653483372
1963,3,-2.60600587631
1963,2,-3.64860402664
1963,1,-5.54988002255
1962,12,-2.64765834085
1962,11,-0.913886104024
1962,10,0.924716775801
1962,9,-1.23225047744
1962,8,-2.26360560645
1962,7,-1.84194901013
1962,6,-1.10670662659
1962,5,-1.67718700894
1961,4,1.98968423182
1961,3,4.81981028643
1961,2,5.09318471633
1961,1,0.603138748397
1960,12,1.93503323607
1960,11,0.755711733091
1960,10,-1.2982104755
1960,9,0.11611213831
1960,4,-0.233781770979
1960,3,0.152309612874
1960,2,-1.36599939722
1960,1,-0.83692370573
1959,12,1.37734800749
1959,11,1.80838371836
1959,10,0.490070260427
1958,9,1.14855332932
1958,8,-1.20181463558
1958,7,-0.505140999403
1958,6,-1.35731888649
1958,5,-0.586577084969
1958,4,-1.94992253446
1958,3,-4.22699003886
1958,2,-3.05890875098
1957,9,-2.08813660962
1957,8,-0.316482788696
1957,7,0.759363774029
1957,6,-1.32290786874
1957,5,-1.2043634816
1957,4,-0.0331130382591
1957,3,-0.346304657926
1957,2,2.82243371197
1956,2,-5.14496304304
1956,1,-0.409698016218
1955,12,-1.50313631664
1955,11,0.61078035896
1955,10,-0.342958669968
1955,9,2.04118678502
1955,8,3.16515863732
1955,7,3.01659061352
1955,2,-1.71821646223
1955,1,0.575427416619
1954,12,2.49803042411
1954,11,-0.656532272554
1954,10,-0.489261490356
1954,9,-0.231813858702
1954,8,-0.959132905995
1954,7,-1.59884993179
1954,2,-2.88379147801
1954,1,-1.37513479138
1953,12,2.44617373519
1953,11,1.7019339391
1953,3,3.81530270287
1953,2,0.107147977053
1953,1,1.14197379003
1952,12,-0.251682481323
1952,7,-1.00527466298
1952,6,-2.65104988056
1952,5,-1.87150229312
1952,4,1.60189388504
1952,3,-2.91647895728
1952,2,1.73777775095
1952,1,1.44952106385
1951,12,3.36766157823
1951,11,1.65833783116
1951,10,0.553054773552
1951,9,1.00311658605
1951,8,0.550945772211
1950,3,2.19541178567
1950,2,2.22565383233
1950,1,-1.9685235218
